C:\Users\Administrator\Desktop\img\palm\DSC_0013.JPG
2144 1424

2 0 711.5 
0 2 1071.5 
0 0 1 

0.999663 -0.00231984 0.0258434 
0.00231906 0.999997 5.99561e-005 
-0.0258434 -2.76626e-013 0.999666 

1569.17

C:\Users\Administrator\Desktop\img\palm\DSC_0014.JPG
2144 1424

2 0 711.5 
0 2 1071.5 
0 0 1 

0.999712 -0.0202071 0.0129081 
0.0145357 0.938864 0.34398 
-0.0190699 -0.343694 0.938888 

1565

C:\Users\Administrator\Desktop\img\palm\DSC_0015.JPG
2144 1424

2 0 711.5 
0 2 1071.5 
0 0 1 

0.99964 0.00436621 0.026479 
-0.00317243 0.998984 -0.0449596 
-0.0266484 0.0448594 0.998638 

1570.12

C:\Users\Administrator\Desktop\img\palm\DSC_0016.JPG
2144 1424

2 0 711.5 
0 2 1071.5 
0 0 1 

0.998982 0.0276841 0.0356086 
-0.008971 0.895656 -0.444657 
-0.0442029 0.443885 0.894993 

1573.54

C:\Users\Administrator\Desktop\img\palm\DSC_0017.JPG
2144 1424

2 0 711.5 
0 2 1071.5 
0 0 1 

0.997993 0.0530436 0.0345909 
-0.00946741 0.665075 -0.746716 
-0.0626141 0.74489 0.664243 

1578.06

C:\Users\Administrator\Desktop\img\palm\DSC_0018.JPG
2144 1424

2 0 711.5 
0 2 1071.5 
0 0 1 

0.996924 0.0770284 0.014467 
-0.0060565 0.259748 -0.965657 
-0.0781408 0.962599 0.259416 

1580.67

C:\Users\Administrator\Desktop\img\palm\DSC_0019.JPG
2144 1424

2 0 711.5 
0 2 1071.5 
0 0 1 

0.995835 0.0907641 -0.00859404 
0.00807836 -0.181738 -0.983314 
-0.0908115 0.979149 -0.181715 

1584.1

C:\Users\Administrator\Desktop\img\palm\DSC_0020.JPG
2144 1424

2 0 711.5 
0 2 1071.5 
0 0 1 

0.994969 0.0951485 -0.0313716 
0.0254779 -0.543136 -0.839258 
-0.0968932 0.834236 -0.542827 

1590.18

C:\Users\Administrator\Desktop\img\palm\DSC_0012.JPG
2144 1424

2 0 711.5 
0 2 1071.5 
0 0 1 

0.999153 -0.0316678 0.0262896 
0.0198032 0.92984 0.367431 
-0.0360808 -0.366599 0.929679 

1564.59

