C:\Users\Administrator\Desktop\img\library\DSC_0002.JPG
2144 1424

2 0 711.5 
0 2 1071.5 
0 0 1 

0.999032 -0.0369123 -0.0239462 
0.033869 0.297746 0.954044 
-0.028086 -0.953931 0.298708 

1564.47

C:\Users\Administrator\Desktop\img\library\DSC_0003.JPG
2144 1424

2 0 711.5 
0 2 1071.5 
0 0 1 

0.999391 -0.034826 0.00188718 
0.0204432 0.628775 0.777318 
-0.0282575 -0.776807 0.629104 

1567.24

C:\Users\Administrator\Desktop\img\library\DSC_0004.JPG
2144 1424

2 0 711.5 
0 2 1071.5 
0 0 1 

0.999018 -0.0201612 0.0394455 
0.000234452 0.892827 0.450399 
-0.0442987 -0.449948 0.891955 

1572.99

C:\Users\Administrator\Desktop\img\library\DSC_0005.JPG
2144 1424

2 0 711.5 
0 2 1071.5 
0 0 1 

0.998018 0.0109578 0.0619633 
-0.0132671 0.999228 0.0369804 
-0.0615103 -0.0377297 0.997393 

1576.96

C:\Users\Administrator\Desktop\img\library\DSC_0006.JPG
2144 1424

2 0 711.5 
0 2 1071.5 
0 0 1 

0.995705 0.047902 0.0792241 
-0.00852481 0.899539 -0.436756 
-0.0921867 0.434205 0.896085 

1581.35

C:\Users\Administrator\Desktop\img\library\DSC_0007.JPG
2144 1424

2 0 711.5 
0 2 1071.5 
0 0 1 

0.994881 0.0754615 0.067215 
0.00310075 0.642018 -0.766683 
-0.101008 0.762966 0.638498 

1587.16

C:\Users\Administrator\Desktop\img\library\DSC_0008.JPG
2144 1424

2 0 711.5 
0 2 1071.5 
0 0 1 

0.993326 0.0961022 0.063788 
0.031772 0.303658 -0.952251 
-0.110883 0.947922 0.298578 

1584.82

C:\Users\Administrator\Desktop\img\library\DSC_0009.JPG
2144 1424

2 0 711.5 
0 2 1071.5 
0 0 1 

0.992894 0.112652 0.0383658 
0.0547656 -0.146306 -0.987722 
-0.105655 0.982804 -0.151436 

1583.49

C:\Users\Administrator\Desktop\img\library\DSC_0001.JPG
2144 1424

2 0 711.5 
0 2 1071.5 
0 0 1 

0.998582 -0.0331388 -0.0416599 
0.0356891 -0.16389 0.985833 
-0.039497 -0.985922 -0.162475 

1561.71

